0
1
2
3
4
5
6
7
8
9
10
61
122
183
244
305
366
427
488
549
610
3661
7322
10983
14644
18305
21966
25627
29288
32949
36610
90061
180122
270183
360244
450305
540366
630427
720488
810549
900610
694861
1389722
2084583
2779444
3474305
4169166
4864027
5558888
6253749
6948610
268435456
536870912
1073741824
2147483648
4294967289
4294967290
4294967291
4294967292
4294967293
4294967294
4294967295
4294967296
5368709120
10737418241
21474836480
18446744073709551609
18446744073709551610
18446744073709551611
18446744073709551612
18446744073709551613
18446744073709551614
18446744073709551615

